# BATCH 3 RESPONSES (78 queries)
# Format: row col anna expected offset

   6    7  -85   13  -98
   7    6  -28   13  -41
   8    5  -49   13  -62
   5    8   74   13   61
  11    9  125   20  105
   9   11   70   20   50
  13    9  -50   22  -72
   9   13  125   22  103
  14    8   91   22   69
   8   14  111   22   89
  13    1  -50   14  -64
   1   13 -114   14 -128
  14    0  -37   14  -51
   0   14   36   14   22
  12   12  -17   24  -41
 -12  -12   19  -24   43
  13   13   26   26    0
 -13  -13   16  -26   42
  15   15 -113   30 -143
 -15  -15 -112  -30  -82
  20   20   79   40   39
 -20  -20   -5  -40   35
  25   25   70   50   20
 -25  -25  -81  -50  -31
   4    7 -118   11 -129
   7    4 -122   11 -133
   3    8   10   11   -1
   8    3  109   11   98
   4    8   90   12   78
   8    4   -1   12  -13
   5    7 -114   12 -126
   7    5  -92   12 -104
   6    7  -85   13  -98
   7    6  -28   13  -41
  11    0   -7   11  -18
   0   11   78   11   67
  19    0   18   19   -1
   0   19  112   19   93
  27    0    5   27  -22
   0   27  104   27   77
  43    1 -110   44 -154
   1   43   14   44  -30
   7    0 -102    7 -109
   0    7  -94    7 -101
  21   21  -50   42  -92
 -21  -21  -80  -42  -38
  19   19    4   38  -34
 -19  -19  -32  -38    6
   1    1 -114    2 -116
  -1   -1   39   -2   41
   9    9  -50   18  -68
  -9   -9  -60  -18  -42
  11    1 -101   12 -113
   1   11   14   12    2
  11    2   54   13   41
   2   11 -126   13 -139
  11    3  109   14   95
   3   11   14   14    0
   7    1 -118    8 -126
   1    7 -114    8 -122
   7    2   26    9   17
   2    7  -81    9  -90
   7    3 -118   10 -128
   3    7  108   10   98
